error(train): 0.170000 
error(test): 0.235000