error(train): 0.134228 
error(test): 0.566265