error(train): 0.201342 
error(test): 0.216867