error(train): 0.087248 
error(test): 0.168675